16 21
-1.1196758232955806 2.1913717868224762 -2.049318835282853 -0.2047011130751388 1.797025715658012 -2.463415412879184 -0.03296621972978455 1.261668303753908 0.48557355107764755 -0.011123900042826677 -0.9689093962981785 -0.8123585354355163 1.5943113703364342 -0.8715513154779194 -1.075707928435979 1.5508992260148233 0.3692135016932201 -1.3103454275591762 1.0999112572599181 0.4828310550680783 -1.9100213395612315 
1.7812023212397285 0.3076089117894848 0.18429264836025283 -2.2044481221168013 1.6833850520698155 0.644765126014388 -0.6181376438376627 -2.1514260086597843 -0.7727717323514567 0.005171269982465291 0.44039040814386865 0.74227987371952 1.4159864451853197 -0.18030766339163354 -0.5041884396383599 -0.05468354233594606 -0.28379267658427176 0.5288746817839287 1.2458759748629873 0.3802916013994203 -0.9503306898155621 
-0.16555974313304797 -0.8629082168580076 0.8019361934708653 0.5634643642521874 -1.238748430023216 0.7612717134470597 -0.12954033907124451 -0.38290978324204417 0.06651611793054876 -1.085457162476032 0.2846551667083923 0.5335482383459953 0.2162722403717882 -1.0717584270029032 1.2197630147989718 -1.162714493811439 -0.44297377021685846 0.7926572755543208 0.8613332648228399 -1.7882203363452376 1.6959162923911144 
0.2814975773434028 0.8023554166712263 -0.9370449711683918 -0.26749994143110956 1.0183730536723035 -1.1182449008454203 -0.4025977468616837 0.03250012734715039 -0.49764424932833506 1.924653133353214 -0.5164918838039971 -0.3795635475329491 1.1163582218237633 0.6004407131061106 -2.6206217853897473 -1.3458876674020934 0.8024253212825865 0.12235193812500962 0.5398593143764218 -1.2395171721284124 -0.8981308077908281 
0.4416015539813144 1.427830447163499 -0.9949004887191534 -1.6626863250466286 2.1140916087183594 0.034827642752286905 -0.7018195550175208 -1.1162071714907646 -1.452618455604779 -0.47939930813472753 0.7432060725334386 0.3418029376393426 -2.9036773168936305 1.4665922966215428 1.4994571980058986 -2.515617038690794 -0.0458492966892982 2.02194087292863 -2.3175183170651272 -0.8999253361585192 3.168962192746876 
0.22690316939947391 0.598300588837899 -0.7073765990654869 0.26051204754977003 0.2515917868760364 0.4313057343240186 -0.21674632441830577 -0.3936391896403744 0.9620527305969847 -0.6308770665068619 -0.44898974090286536 -0.2283979153335517 0.26194082468822805 1.1712558687316474 -0.012933356220428916 0.7931235045856371 -0.6172644225403227 0.7486629909072147 0.1753217218104045 0.6794431050029605 0.12489559270566118 
2.0445109676736863 0.06792883732125746 -0.8653175991146456 -1.0357925889915407 2.147784544357262 -0.2877714543686771 -0.5400372433148162 -0.613602274836819 2.22467988608111 0.4573484341180186 -0.35046076841250406 -0.13465375837019025 2.6263613657675813 0.506650099354118 -1.611284019036348 2.3477860795544925 0.3041791475501469 -0.8175361630616546 1.9736168485515349 0.008366542754023478 -0.45613142525377276 
2.004630703361911 1.6427133731732928 -0.0383435329419576 -3.062640347472395 1.7076369463813517 0.5445761496301857 0.5126908218252942 -2.6627466075367114 -1.2828316579662393 0.4241035061278089 0.6472480334762343 0.585784237856471 -0.2399716278861224 0.3786330810097736 -0.10116153632375227 -0.5277101365218985 -0.5042663527316227 0.7755557323498602 0.5369126975539066 -0.017343681478486153 0.35195462947631106 
-1.733987738862095 -1.6944525258526255 -0.540173962669494 2.1725035925784777 -1.472803264242677 -1.4191559161456537 0.5906980544570374 1.5865674378355856 -0.779490860231149 -0.17923022459201862 -0.49543369086983646 0.07424376911406072 -2.874797417623091 1.1039325130863271 1.2804857144871256 -0.626025257107011 -0.29466561910334627 0.2368541703902834 -2.573872008092415 1.0304909995608218 0.7979311304515181 
-0.8929019599283655 0.7725908069986207 -0.8104507229614326 0.09204354596282058 0.5575696047354001 -1.251753754919616 0.4157832262979062 0.4415314563242583 1.5283915355574471 -1.4954703588744622 -0.2179867350312671 -0.26319440878529876 2.4087263101730083 -2.8591145918338494 0.25379231742361885 1.1900708206963957 -0.9226119242617575 -1.1376967934074433 1.3657079723254122 -1.458042885987154 -1.0324581267831832 
-1.4624946721417977 -0.49166164545384705 0.6989981625254155 0.7908526183006409 -1.8871282963323843 -0.5964282671809076 0.08449681740422889 0.4999558464342444 0.3377585974269086 -0.8598202876252887 -0.34529993753214705 0.19849475867821983 -1.536080257025994 1.4546798678892452 -0.9060705850560813 -0.8311075166162578 -1.2975173635439086 0.8563599107609906 -1.6654575851355322 -0.9960947604904092 0.8143809611222995 
-0.40814616315293817 -2.2206864875205383 1.3975378383320036 1.4808587053341533 -1.0751143009374344 -1.9421057642780881 0.9396104956269392 1.093475111927578 -1.4572923797623307 0.22262351706962766 0.10957362067785922 -0.1946401675756143 -1.8969958532577562 0.5663885072261329 0.83162138503489 -1.6539074466331571 -0.059277243445911884 0.4270593301840228 -1.3514624230646468 -0.6148698058298003 1.1639307835534456 
-1.2834260373698132 -0.9384495063088115 0.1583141114207868 0.6019756443972836 -1.359791131643578 -1.0818498710050166 0.4590112491354251 0.4261142031913807 0.22783897179707552 -1.074075538861442 0.22965496488135284 0.2541874532352301 -1.429588327008293 0.9777659144276227 -1.7765802721855417 -0.7582964516500192 -1.0096540500644897 0.6901364096282753 -1.3750387208038968 -0.07747502690250108 0.7177427059653931 
0.6715906364736031 2.1478824359753443 -1.2673143564184743 -0.9004262841309414 1.8697723065749143 -0.6275898003440326 0.10440025469324074 -0.03874746064623442 1.244713850940733 -0.11058300202304382 -0.6335850742576841 -0.5714739578068303 -1.0741791030807524 1.3522374146404004 0.9922351521851018 2.5102220370337283 -0.2417467520338775 -1.6639215187477505 -0.9062173835421128 3.162208804729584 -1.0260686403247603 
-0.22194067918997276 -0.7249398361550783 -0.07413285617553396 -0.5255733729897024 0.11037991846675821 -0.5412829673890767 0.424650225514535 0.3249176246051132 -0.3124498269794992 -0.02874056342913143 -0.05114722291131739 0.3498077167631645 -0.18753239358113147 0.41731588755282845 -0.6264106497867767 -0.0037896697611429267 -0.20627645733281152 -0.6211255699487588 -0.4355760364195489 -0.7218271471482806 0.8014302217341499 
2.3082646009091303 -1.0017404371149 -1.8923770481920417 0.6567484960955732 1.9875039337463156 0.9234591800647179 -1.4219885127917689 -0.5240633977949819 -0.9311681482500321 -0.3748383299344078 0.6152964750896179 0.3770807208213216 1.6133102589300552 -1.1131882754032028 -1.3363261662506971 -1.505122126477091 -0.5143250619798128 1.6221230607206656 2.3735158848227162 -1.807027380376337 -0.09368078471331504 
16
-0.4181300265466952 0.342508394107558 -0.3859335873343392 -0.8125662997943435 -0.7143578437009321 0.7664321789412036 0.850701069054242 0.12245097206303733 -0.9804218517303442 -0.7441018351932207 -1.5966581925278656 -1.4530482968165168 -0.7254803777146381 0.5800466792464656 -0.5376099673552217 -0.03784047689647969 
12 16
-1.069867156245778 -1.2650054361548153 1.8107068003321904 -1.1622415911882822 1.0212335047403487 -1.2604697442959254 -1.0866454814713744 -0.8411211845023625 0.592333056709899 -0.6020947095261652 1.155922026897392 0.9684156253093068 0.6717341593364933 -4.078494450924019 0.36513824886556123 0.7565550712661921 
0.06586221502283394 0.2187012119021485 -1.7813468378973811 -0.2072095518149653 -1.1931651070496405 0.5736526063954487 0.8785931098437008 -0.8210181262389632 0.4085155686053436 0.12081001011873362 -0.9255455249115107 -0.002248280481350503 -0.2847466903403213 3.6612461336295854 0.1672818014076832 -2.0052736484408835 
2.397103072466585 1.3478739399590287 1.2070131862441218 2.0181456897098293 -3.96490904550525 0.25852360131200447 2.7440731285718973 0.5033985608458981 -2.981495561884769 2.7587788311153587 -1.8777154474335715 -2.030128136265249 -2.167177799067782 -1.4268084423936314 -0.7639641837016802 3.5560445377650667 
1.8141829324927798 1.3754083081490656 1.0552919550535387 1.4360019728235582 -2.966943876866126 -0.18355937796996075 1.5057372469770793 -0.14311205741855004 -2.29538685814381 1.8036700060479716 -1.5016009077070995 -1.459864997560829 -1.008801638841265 -0.8328115541182213 0.18622221218599372 2.462937989152556 
0.016289088274135274 1.0576282147650462 -0.06776927368974593 -0.4918762466397472 1.6532564716462306 -0.11056460351008689 0.5611123817940055 1.917456497354886 -0.5780329360596248 -1.0344394794883758 -0.5427341663058682 -1.0006868075412139 -0.496490448151647 -0.5135428214347252 0.42535244942702943 0.6825680872021634 
1.4028025020706707 1.8705734698821275 -1.013940479224613 0.708683858054315 0.36644843774828506 0.7299099975168303 1.3218187181071 2.5287500743761924 -1.1556241270413512 0.1279877209214772 -1.9527767823516866 -2.5434453758459554 -1.4202720062391 0.6954324785617478 -0.02892847684069536 0.728976772235155 
-1.9025458590183741 -0.5247587709928 -0.470122096086147 -0.9654664715438217 1.245719396131628 -0.3284711518098709 -1.8452888778624759 -0.25727627223222277 0.5984309690515469 -1.0500696391403608 1.0198694432497852 1.5031896687757003 0.7705210423294361 0.962404163405628 0.5636032380665794 -0.5867578399302147 
2.563752076655439 1.2707646926675715 1.184179199705923 1.7705985634968116 -4.020250392128115 -0.1455660463131542 2.792198628289852 0.6060253540019725 -3.4498018127101067 2.8214584625761585 -1.5006870212296926 -1.7393670491578457 -2.1123288786924506 -1.1173554988604346 -0.7931333673948283 3.469254453202827 
0.7543179244246438 0.8242454313651065 -0.6123828573976376 0.7685491909053466 -0.18102684791548546 0.5333155469434337 0.9112303498660517 1.094541615415021 -0.8436297818006796 0.37681663100332635 -0.6890300424488618 -1.4329698927846026 -0.7093280043879865 0.7212929002774854 -0.4670502043036358 0.20593383575500876 
2.5150794195732966 3.583159479948306 -0.6470387890219218 2.1216126086592175 -0.5711197502582859 1.4103932364603973 2.8709630441882807 4.214927032955503 -2.923564003370861 1.745140888338216 -3.1274159196389757 -3.8556324268335307 -1.7296954801259845 1.038444351204539 -0.615884398713988 1.5650696448641161 
0.32856265594191847 1.4781381886730336 -0.925934051369248 0.7289626803152445 -1.4430097943988465 0.8942206305200485 0.745267083742746 0.4047134222311743 -0.2001048171677856 1.0347510917120397 -1.1221055276139449 -0.5629094088131831 0.18935441183963042 2.0024029260094314 0.12658030750665186 0.33731405659087416 
-0.26982573935430576 -0.37565000262265474 0.9497372815792582 -0.20086227944008844 1.175104432536397 -0.2907460692505166 -0.09293060177506728 0.24707071720123974 -0.005685021827833962 -0.4943032810886266 -0.1505289173722742 -0.624336915308909 -0.10074370678038175 -1.7264431454524833 -0.0311216603269085 0.40218296097164086 
12
-0.806998374629483 -0.06686970843875192 -0.5193010513051716 0.07354202644152093 0.2210092184209474 0.5602371162638218 -0.5097810763314092 -0.3758049676797207 0.4003251834534032 0.9145126452979895 0.46000262342731285 0.2930801327268788 
4 12
0.07387795547312756 -1.5324048499052605 5.203779964908758 4.329522689710531 -2.159189709169872 -1.7071530553059853 -2.654825707027906 5.395090643183608 -0.5868053641040096 0.005028518763862442 -0.10027515399567359 -0.37023824856089044 
-2.3716527898524906 -1.0021164838107395 -6.420135201091499 -3.2934883514324333 1.416742279165207 3.448092531531907 -2.4011085772325047 -6.381897615292555 1.0741353089457952 6.987441737800382 -0.22466180764629695 0.1817362222998908 
-4.153208603210977 3.9045808190722973 -1.991836812023732 -1.704981356739457 -2.071306717428579 -2.564577162195297 2.5991723179683364 -1.4606352950810513 -0.860928906013835 -5.414241796955486 0.9613825216514487 -1.6210200831102142 
3.6197849987061006 -2.549034237930841 -1.3859495638969885 -1.9191431661526388 0.2007370938840328 -1.5131471754430077 1.180234206698915 -1.633707752866058 -2.10434523346082 -4.219319327173426 -3.4721090496613174 1.5785273787404002 
4
-1.5147652077673477 -2.640348913607164 -0.6828723630595298 0.46334987050262627 
